AverageEpRet	StdEpRet	MaxEpRet	MinEpRet	AverageTestEpRet	StdTestEpRet	MaxTestEpRet	MinTestEpRet	EpLen	TestEpLen	TotalEnvInteracts	AverageQ1Vals	StdQ1Vals	MaxQ1Vals	MinQ1Vals	AverageQ2Vals	StdQ2Vals	MaxQ2Vals	MinQ2Vals	AverageLogPi	StdLogPi	MaxLogPi	MinLogPi	LossPi	LossQ1	LossQ2	StepsPerSecond	Time
8.764444	11.102856	70.0	3.0	62.1	4.7843494	71.0	53.0	8.764444	62.1	2000	675.76733	10770.058	5.7046213	-0.2909908	675.4811	10765.495	5.547849	-0.06091726	36.671516	584.7684	22.72986	-8.475634	-2.8309314	0.09516926	0.10644386	7069.196	3.446622133255005
74.333336	20.28683	160.0	47.0	129.0	48.586006	200.0	66.0	74.333336	129.0	4000	2081.7678	33178.22	15.073504	-2.7709773	2081.1646	33168.6	14.881969	-2.193303	118.89202	1894.9401	6.6176195	-9.947923	-8.65251	0.24699096	0.25254786	1971.2045	7.6464643478393555
62.8125	29.137001	200.0	42.0	51.5	1.3601471	54.0	49.0	62.8125	51.5	6000	3797.048	60515.51	22.66141	-3.6611595	3796.3384	60504.195	22.347944	-4.674634	127.50028	2032.1196	8.624679	-10.760766	-15.476461	0.4039009	0.45678288	1970.7166	11.470298528671265
55.61111	5.6483912	66.0	43.0	62.4	1.4966631	65.0	60.0	55.61111	62.4	8000	5058.4487	80619.125	31.197277	-5.258943	5058.0376	80612.57	30.735405	-6.181142	209.20898	3334.3093	10.492427	-9.106912	-20.49598	0.5237977	0.63410836	1987.4833	15.292968273162842
100.10526	40.21769	200.0	66.0	173.0	22.733234	200.0	137.0	100.10526	173.0	10000	5914.9106	94269.03	37.423267	-7.68856	5914.766	94266.73	38.255947	-9.1979	176.55878	2813.9553	14.06231	-9.85686	-23.804266	0.5778067	0.73160565	1960.4165	19.801329612731934
197.6	4.8826222	200.0	186.0	200.0	0.0	200.0	200.0	197.6	200.0	12000	6912.2275	110163.79	41.812077	-9.350878	6911.7085	110155.53	41.52427	-11.151571	152.58234	2431.823	12.485449	-11.6478195	-27.251905	0.3329445	0.42312542	1972.6708	24.29420495033264
200.0	0.0	200.0	200.0	200.0	0.0	200.0	200.0	200.0	200.0	14000	8054.944	128375.83	46.207294	-9.258699	8054.7554	128372.82	46.080517	-12.406572	174.88644	2787.2854	8.395437	-10.933745	-31.569763	0.09211674	0.1032595	1968.0947	28.830431699752808
200.0	0.0	200.0	200.0	200.0	0.0	200.0	200.0	200.0	200.0	16000	9689.431	154425.45	50.70399	-7.3935323	9689.423	154425.33	50.641	-8.009476	164.39803	2620.1287	7.851748	-9.5181	-37.97936	0.06265687	0.054588523	1979.1147	33.364402294158936
200.0	0.0	200.0	200.0	200.0	0.0	200.0	200.0	200.0	200.0	18000	11715.159	186710.44	54.930653	-10.091349	11715.155	186710.39	54.9289	-10.818424	116.695145	1859.8774	9.206723	-9.881338	-45.820297	0.042841848	0.036375534	1968.1045	37.889535903930664
200.0	0.0	200.0	200.0	200.0	0.0	200.0	200.0	200.0	200.0	20000	13703.99	218407.38	59.4544	-10.62592	13704.044	218408.25	59.116653	-10.927889	71.999176	1147.5544	9.596903	-11.176714	-53.542446	0.031862777	0.032882076	1971.1494	42.531049489974976
200.0	0.0	200.0	200.0	200.0	0.0	200.0	200.0	200.0	200.0	22000	15198.796	242230.81	63.18425	-10.067295	15198.797	242230.86	62.824837	-9.657015	43.407654	691.9111	4.564355	-9.752841	-59.376644	0.014306183	0.014812187	1992.7535	47.06657695770264
200.0	0.0	200.0	200.0	200.0	0.0	200.0	200.0	200.0	200.0	24000	16366.716	260844.52	66.19476	21.133762	16366.717	260844.5	66.17106	20.911373	-42.538834	678.0495	5.227941	-8.824692	-63.93542	0.0062588686	0.005095735	1978.0585	51.633774280548096
200.0	0.0	200.0	200.0	200.0	0.0	200.0	200.0	200.0	200.0	26000	17251.918	274952.47	69.369026	17.227798	17251.922	274952.5	69.37123	17.250505	-63.137802	1006.31476	5.556817	-9.300194	-67.392685	0.0065948023	0.0047391946	1995.6808	56.18157625198364
200.0	0.0	200.0	200.0	200.0	0.0	200.0	200.0	200.0	200.0	28000	18068.656	287969.2	72.36828	15.249799	18068.664	287969.34	72.37843	15.012869	-71.579704	1140.8503	5.7185855	-9.72073	-70.59081	0.0063570566	0.0054784426	1980.1146	60.75390625
200.0	0.0	200.0	200.0	200.0	0.0	200.0	200.0	200.0	200.0	30000	18814.195	299851.25	75.053825	12.057737	18814.2	299851.28	75.045334	11.554948	-77.93304	1242.1005	5.52496	-10.52191	-73.5041	0.0056279865	0.004993006	1966.2498	65.2991852760315
200.0	0.0	200.0	200.0	200.0	0.0	200.0	200.0	200.0	200.0	32000	19485.191	310545.2	77.750694	7.988237	19485.197	310545.34	77.60903	7.0448813	-68.55821	1092.6976	4.8826	-10.515751	-76.12544	0.006229661	0.0060310736	1940.7986	69.98975706100464
200.0	0.0	200.0	200.0	200.0	0.0	200.0	200.0	200.0	200.0	34000	20108.559	320480.12	79.931725	5.6100063	20108.559	320480.12	79.87784	4.895117	-71.778824	1144.0232	4.109518	-8.769281	-78.56077	0.004562341	0.004421799	1827.4277	75.07821869850159
187.36363	39.95969	200.0	61.0	200.0	0.0	200.0	200.0	187.36363	200.0	36000	20659.549	329261.53	82.17948	74.97276	20659.56	329261.75	82.1815	75.18355	-42.36497	675.2935	3.5587113	-9.048943	-80.70415	0.22291993	0.22179832	1720.195	80.19103741645813
200.0	0.0	200.0	200.0	200.0	0.0	200.0	200.0	200.0	200.0	38000	21135.193	336842.16	84.08792	78.368286	21135.22	336842.56	84.07079	78.6356	-7.4794736	119.91638	4.431102	-8.940344	-82.56114	0.3515629	0.35170132	1916.6222	84.82430100440979
200.0	0.0	200.0	200.0	200.0	0.0	200.0	200.0	200.0	200.0	40000	21558.814	343593.62	85.61789	80.24394	21558.84	343593.97	85.55574	80.41602	-8.712671	139.47916	4.957416	-9.3864155	-84.21354	0.31339356	0.31706813	1909.9175	89.55411744117737
200.0	0.0	200.0	200.0	200.0	0.0	200.0	200.0	200.0	200.0	42000	21936.32	349610.1	87.05239	78.80962	21936.338	349610.4	86.94926	81.32702	-6.5923104	105.90266	5.1475534	-11.677774	-85.68483	0.37334025	0.3848205	1926.5085	94.14121675491333
200.0	0.0	200.0	200.0	200.0	0.0	200.0	200.0	200.0	200.0	44000	22278.447	355062.78	88.80153	76.19191	22278.521	355063.94	88.711494	80.461464	-5.9444637	95.67749	5.863453	-11.042606	-87.020546	0.38640448	0.4113116	1907.1609	98.76440238952637
200.0	0.0	200.0	200.0	200.0	0.0	200.0	200.0	200.0	200.0	46000	22602.11	360221.12	89.17414	75.705605	22602.117	360221.25	89.08926	80.33317	-27.147774	432.84058	5.8151245	-10.221793	-88.28864	0.075571805	0.08227266	1909.4274	103.37362098693848
200.0	0.0	200.0	200.0	200.0	0.0	200.0	200.0	200.0	200.0	48000	22906.062	365065.38	90.35619	86.58563	22906.062	365065.34	90.290016	86.71101	-62.620182	998.06696	4.0809197	-9.126133	-89.48309	0.0041650934	0.004142826	1915.2042	108.01663017272949
200.0	0.0	200.0	200.0	200.0	0.0	200.0	200.0	200.0	200.0	50000	23192.77	369634.78	91.50259	88.75567	23192.766	369634.7	91.27009	89.08115	-72.08918	1148.9669	3.2369719	-10.829615	-90.60472	0.0029660237	0.002757975	1909.5786	112.75440788269043
200.0	0.0	200.0	200.0	200.0	0.0	200.0	200.0	200.0	200.0	52000	23454.861	373811.84	93.02925	88.14898	23454.855	373811.75	92.501656	88.799995	-73.66344	1174.0552	4.7985344	-13.558585	-91.62959	0.0042276373	0.0040777903	1932.2347	117.34249877929688
184.63637	48.584084	200.0	31.0	200.0	0.0	200.0	200.0	184.63637	200.0	54000	23686.021	377495.97	94.74578	84.87611	23686.025	377496.03	94.32868	85.555084	-45.81324	730.235	8.196077	-7.6634192	-92.52393	0.20595345	0.19971088	1924.6246	121.94076991081238
200.0	0.0	200.0	200.0	200.0	0.0	200.0	200.0	200.0	200.0	56000	23861.998	380300.62	94.807556	84.390434	23862.016	380300.88	94.50404	84.72883	-6.5257764	104.73416	9.827735	-9.962964	-93.207466	0.3994879	0.39129132	1899.9176	126.58597707748413
200.0	0.0	200.0	200.0	200.0	0.0	200.0	200.0	200.0	200.0	58000	24015.639	382749.25	95.55909	83.395294	24015.664	382749.66	95.21646	82.84627	7.7763863	124.54089	12.10725	-10.676226	-93.8097	0.4042923	0.3992967	1926.7689	131.20840716362
200.0	0.0	200.0	200.0	200.0	0.0	200.0	200.0	200.0	200.0	60000	24147.904	384857.2	96.31212	82.9526	24147.93	384857.62	95.89363	81.5597	2.647803	43.854134	16.280476	-9.787285	-94.3228	0.35318705	0.35083318	1902.3331	135.86209893226624
200.0	0.0	200.0	200.0	200.0	0.0	200.0	200.0	200.0	200.0	62000	24241.166	386343.56	96.40104	78.73714	24241.203	386344.2	96.225426	79.023895	-16.909517	269.7399	13.915616	-9.709003	-94.67934	0.3223056	0.32204276	1922.8397	140.57596397399902
200.0	0.0	200.0	200.0	200.0	0.0	200.0	200.0	200.0	200.0	64000	24315.008	387520.47	96.87421	74.7696	24315.016	387520.53	96.49509	77.48339	-29.457869	469.6174	14.825428	-9.510801	-94.9671	0.122014485	0.12306784	1909.8907	145.18404865264893
192.5	22.5	200.0	125.0	200.0	0.0	200.0	200.0	192.5	200.0	66000	24391.678	388742.38	98.87684	81.75124	24391.629	388741.6	98.22035	86.63766	13.109988	209.27982	5.5064473	-9.64783	-95.28137	0.36462182	0.38102967	1868.5396	149.9184832572937
200.0	0.0	200.0	200.0	200.0	0.0	200.0	200.0	200.0	200.0	68000	24463.396	389885.4	100.25461	81.09592	24463.367	389884.88	97.92364	83.61928	17.51483	279.405	6.0119467	-11.590685	-95.54267	0.40986598	0.41679066	1922.4578	154.5123381614685
200.0	0.0	200.0	200.0	200.0	0.0	200.0	200.0	200.0	200.0	70000	24502.88	390514.75	100.230965	78.19613	24502.812	390513.6	97.81279	78.77989	-5.433154	87.405136	7.7358675	-8.943405	-95.692566	0.4511336	0.44768563	1888.1323	159.3022222518921
200.0	0.0	200.0	200.0	200.0	0.0	200.0	200.0	200.0	200.0	72000	24555.94	391360.22	100.210785	80.34247	24555.904	391359.78	97.72085	79.85616	-23.084148	368.0847	6.2229886	-10.317366	-95.89757	0.29980856	0.28864038	1930.7179	163.8987741470337
200.0	0.0	200.0	200.0	200.0	0.0	200.0	200.0	200.0	200.0	74000	24602.38	392100.47	99.03876	75.62837	24602.37	392100.25	98.36501	72.3141	-12.793844	204.2388	6.591148	-9.689267	-96.07198	0.3779096	0.35127386	1912.3358	168.52774119377136
200.0	0.0	200.0	200.0	200.0	0.0	200.0	200.0	200.0	200.0	76000	24651.396	392881.66	98.79125	73.74594	24651.393	392881.6	97.2307	70.501884	-22.522226	359.12933	6.719652	-9.357797	-96.27679	0.06255572	0.053639114	1912.9166	173.178120136261
200.0	0.0	200.0	200.0	200.0	0.0	200.0	200.0	200.0	200.0	78000	24726.227	394074.28	98.613976	93.22609	24726.219	394074.1	97.024185	92.55555	-45.66609	727.88525	4.666537	-13.852533	-96.58258	0.0052674552	0.004393625	1919.5582	177.76742506027222
200.0	0.0	200.0	200.0	200.0	0.0	200.0	200.0	200.0	200.0	80000	24814.57	395482.25	98.15097	94.56388	24814.57	395482.25	97.390236	94.33367	-56.61063	902.29486	4.2704277	-11.516447	-96.93399	0.0040518893	0.003761274	1908.0358	182.49817299842834
200.0	0.0	200.0	200.0	200.0	0.0	200.0	200.0	200.0	200.0	82000	24903.143	396893.88	97.7809	96.057556	24903.145	396893.88	97.83991	95.589516	-64.89351	1034.2931	3.803306	-8.863356	-97.28363	0.0034546426	0.0033022445	1944.842	187.10229969024658
200.0	0.0	200.0	200.0	200.0	0.0	200.0	200.0	200.0	200.0	84000	24986.926	398229.16	98.26523	94.28345	24986.93	398229.22	98.13914	94.05585	-71.86599	1145.4099	3.9740872	-9.205772	-97.61203	0.0033043728	0.0032296334	1920.0367	191.725168466568
200.0	0.0	200.0	200.0	200.0	0.0	200.0	200.0	200.0	200.0	86000	25078.297	399685.38	98.40524	95.2907	25078.295	399685.34	98.372246	95.54431	-81.04813	1291.7438	3.9372516	-8.936396	-97.97495	0.0026845026	0.0026056175	1925.0448	196.31805181503296
185.54546	45.709286	200.0	41.0	200.0	0.0	200.0	200.0	185.54546	200.0	88000	25158.998	400971.53	100.76787	87.357765	25159.05	400972.44	101.18973	82.845	-59.154972	942.8474	4.6251388	-8.92322	-98.27	0.27955553	0.28268692	1917.3	200.96013951301575
199.9	0.3	200.0	199.0	200.0	0.0	200.0	200.0	199.9	200.0	90000	25150.873	400842.06	99.913895	10.825363	25150.94	400843.1	100.03561	14.047984	8.084966	129.46857	5.529295	-10.012971	-98.216286	0.63056374	0.6663194	1904.9342	205.61916494369507
200.0	0.0	200.0	200.0	200.0	0.0	200.0	200.0	200.0	200.0	92000	25131.502	400533.3	100.26036	-5.980888	25131.59	400534.75	100.00749	-3.964135	-4.4417562	71.90927	8.560411	-8.793072	-98.15199	0.5614302	0.5534089	1929.8252	210.34179186820984
200.0	0.0	200.0	200.0	200.0	0.0	200.0	200.0	200.0	200.0	94000	25146.543	400773.06	100.245605	-17.773243	25146.586	400773.66	99.98968	-14.011202	-26.69504	425.62662	8.942046	-9.270891	-98.220406	0.50169367	0.48387554	1927.5792	214.93532514572144
200.0	0.0	200.0	200.0	200.0	0.0	200.0	200.0	200.0	200.0	96000	25167.607	401108.75	100.0642	-17.864914	25167.715	401110.4	100.072136	-15.647404	-37.951305	604.96124	9.851959	-9.533601	-98.300964	0.5459919	0.5121648	1900.039	219.55850505828857
200.0	0.0	200.0	200.0	200.0	0.0	200.0	200.0	200.0	200.0	98000	25179.674	401301.06	100.398094	-19.913408	25179.766	401302.56	100.553055	-18.201813	-35.706665	569.1902	7.93595	-8.713592	-98.35256	0.36557767	0.3251496	1943.1505	224.13890171051025
200.0	0.0	200.0	200.0	200.0	0.0	200.0	200.0	200.0	200.0	100000	25272.773	402784.8	99.743164	-16.686838	25272.79	402785.12	99.729774	-15.274498	-67.42075	1074.5675	7.997216	-11.770081	-98.732	0.010556848	0.008988794	1927.7849	228.87400794029236
200.0	0.0	200.0	200.0	200.0	0.0	200.0	200.0	200.0	200.0	102000	25352.342	404053.0	99.96616	96.254555	25352.348	404053.1	99.9677	97.31018	-69.67019	1110.417	3.811808	-9.061372	-99.04778	0.0034166982	0.0033127398	1923.1252	233.50363516807556
200.0	0.0	200.0	200.0	200.0	0.0	200.0	200.0	200.0	200.0	104000	25441.16	405468.53	100.11597	97.019806	25441.158	405468.47	100.004944	97.13089	-73.632484	1173.5627	4.051925	-9.4873905	-99.39266	0.0030795594	0.0030797874	1694.3676	239.07435750961304
172.0	55.330414	200.0	17.0	178.9	0.7	180.0	178.0	172.0	178.9	106000	25474.395	405998.2	102.93437	-16.301464	25474.434	405998.78	102.07127	-15.712833	-46.272636	737.5625	5.0568557	-9.587861	-99.50198	0.53395927	0.53500545	1886.6317	243.6645152568817
200.0	0.0	200.0	200.0	200.0	0.0	200.0	200.0	200.0	200.0	108000	25270.24	402744.44	102.29329	-28.908632	25270.27	402744.94	104.98347	-29.108461	-8.040394	128.79233	5.3956814	-9.653102	-98.677216	1.0199085	1.0393604	1916.0328	248.28492665290833
200.0	0.0	200.0	200.0	200.0	0.0	200.0	200.0	200.0	200.0	110000	25181.984	401337.84	102.048645	-29.375227	25182.268	401342.4	101.22893	-30.906979	-3.8897073	63.513966	6.28082	-9.4635105	-98.33989	1.1387786	1.1627218	1913.7152	252.91118931770325
200.0	0.0	200.0	200.0	200.0	0.0	200.0	200.0	200.0	200.0	112000	25050.264	399238.56	101.133156	-32.145935	25050.42	399241.06	101.31197	-29.398178	16.479074	263.00546	6.976883	-10.624084	-97.80512	0.83895904	0.79771817	1938.5757	257.58987259864807
200.0	0.0	200.0	200.0	200.0	0.0	200.0	200.0	200.0	200.0	114000	24929.7	397317.1	101.28669	-31.245691	24929.947	397321.06	101.1131	-29.056747	24.300356	387.53317	7.2232103	-9.638718	-97.346466	0.970328	0.91736764	1908.8202	262.21329259872437
200.0	0.0	200.0	200.0	200.0	0.0	200.0	200.0	200.0	200.0	116000	24925.848	397255.72	100.94433	-23.234728	24925.979	397257.78	101.01686	-23.540003	45.997704	733.2189	6.873855	-11.161153	-97.36164	0.4144828	0.3930332	1904.5592	266.8180191516876
200.0	0.0	200.0	200.0	200.0	0.0	200.0	200.0	200.0	200.0	118000	25187.645	401428.1	100.60318	44.670635	25187.686	401428.75	100.79966	33.44209	51.56577	821.9435	5.519679	-8.693009	-98.40579	0.0399255	0.034987945	1925.1982	271.45196747779846
200.0	0.0	200.0	200.0	200.0	0.0	200.0	200.0	200.0	200.0	120000	25259.576	402574.5	100.33155	23.757786	25259.71	402576.62	100.261604	12.791758	-11.489843	183.56464	5.0574265	-10.11552	-98.651054	0.089809984	0.037435737	1895.1025	276.1043236255646
200.0	0.0	200.0	200.0	200.0	0.0	200.0	200.0	200.0	200.0	122000	25334.299	403765.34	100.108345	22.09295	25334.318	403765.75	99.77227	12.589175	-68.755875	1095.8479	4.8828	-10.443115	-98.957184	0.011719065	0.0066609113	1922.0076	280.81378078460693
200.0	0.0	200.0	200.0	200.0	0.0	200.0	200.0	200.0	200.0	124000	25373.945	404397.22	99.76114	96.82375	25373.955	404397.34	99.616	96.76458	-75.44928	1202.5176	4.1139994	-9.928184	-99.11697	0.0054677436	0.0047157095	1918.038	285.45450091362
200.0	0.0	200.0	200.0	200.0	0.0	200.0	200.0	200.0	200.0	126000	25423.145	405181.38	99.90182	96.05379	25423.146	405181.4	99.84945	97.12869	-66.5911	1061.3503	4.2249393	-10.225032	-99.31226	0.005404711	0.0046743923	1904.5027	290.08940386772156
190.09091	31.335299	200.0	91.0	200.0	0.0	200.0	200.0	190.09091	200.0	128000	25463.246	405820.47	101.75476	48.70164	25463.264	405820.8	101.636734	84.5319	-34.708515	553.29724	13.187042	-10.9819	-99.4348	0.21481198	0.35844564	1900.8253	294.7366726398468
200.0	0.0	200.0	200.0	200.0	0.0	200.0	200.0	200.0	200.0	130000	25469.867	405925.97	100.84488	50.87694	25469.803	405925.0	100.667564	85.865074	-32.20908	513.4693	9.436206	-8.652435	-99.457436	0.17836222	0.33051074	1904.0531	299.50909781455994
200.0	0.0	200.0	200.0	200.0	0.0	200.0	200.0	200.0	200.0	132000	25479.812	406084.47	101.54386	41.445797	25479.809	406084.44	101.29499	82.218	-32.514904	518.34186	11.530588	-9.724938	-99.48566	0.22310364	0.50240916	1935.0801	304.1351351737976
200.0	0.0	200.0	200.0	200.0	0.0	200.0	200.0	200.0	200.0	134000	25488.082	406216.3	101.14741	33.16399	25488.045	406215.75	101.18646	78.24376	-39.774727	634.0144	10.418531	-9.562661	-99.52307	0.163581	0.4230051	1910.8417	308.78140091896057
200.0	0.0	200.0	200.0	200.0	0.0	200.0	200.0	200.0	200.0	136000	25496.08	406343.75	100.49132	17.153782	25495.88	406340.62	100.91465	71.552	-39.510162	629.79895	13.711496	-7.8457613	-99.55811	0.060291663	0.4750605	1898.2375	313.434109210968
200.0	0.0	200.0	200.0	200.0	0.0	200.0	200.0	200.0	200.0	138000	25513.3	406618.22	100.29357	14.57122	25513.217	406616.88	100.88752	68.370094	-54.235756	864.45483	13.48791	-8.519594	-99.6496	0.017116718	0.13729765	1916.2742	318.0440194606781
200.0	0.0	200.0	200.0	200.0	0.0	200.0	200.0	200.0	200.0	140000	25562.87	407408.22	100.70818	80.24773	25562.863	407408.1	100.27166	94.282455	-64.2053	1023.3299	4.94599	-10.574606	-99.85773	0.009060833	0.008026077	1901.8544	322.7625050544739
200.0	0.0	200.0	200.0	200.0	0.0	200.0	200.0	200.0	200.0	142000	25617.934	408285.84	101.74132	97.18801	25617.928	408285.75	100.75771	95.008095	-75.33674	1200.7253	4.678129	-10.221094	-100.07604	0.008206361	0.007934778	1938.051	327.3976354598999
199.4	1.8000001	200.0	194.0	200.0	0.0	200.0	200.0	199.4	200.0	144000	25667.324	409073.0	102.842224	90.192696	25667.299	409072.53	102.13675	95.19922	-78.20676	1246.4642	6.390704	-9.790514	-100.25981	0.1003704	0.10553045	1922.6512	331.99314880371094
179.0	56.23813	200.0	4.0	200.0	0.0	200.0	200.0	179.0	200.0	146000	25682.113	409308.66	103.29599	80.70033	25682.143	409309.2	102.47313	89.25936	-32.320568	515.259	8.587116	-10.545765	-100.29553	0.6229122	0.7412881	1903.326	336.6333518028259
200.0	0.0	200.0	200.0	200.0	0.0	200.0	200.0	200.0	200.0	148000	25698.967	409577.25	102.60956	82.08766	25699.0	409577.84	102.421394	86.86241	77.157166	1229.7784	8.589933	-11.031946	-100.376884	1.1655086	1.3314242	1915.086	341.2433211803436
200.0	0.0	200.0	200.0	200.0	0.0	200.0	200.0	200.0	200.0	150000	25705.672	409684.12	103.3438	75.75136	25705.705	409684.72	103.22902	82.34495	85.72396	1366.3032	12.253917	-8.937141	-100.37115	1.3592741	1.5726135	1895.9515	346.00096225738525
185.54546	45.709286	200.0	41.0	200.0	0.0	200.0	200.0	185.54546	200.0	152000	25609.664	408154.0	103.49774	71.75713	25609.842	408156.9	103.82601	75.68041	97.20281	1549.2362	8.687952	-9.751624	-99.980156	1.4461942	1.6664561	1918.0427	350.58645606040955
200.0	0.0	200.0	200.0	200.0	0.0	200.0	200.0	200.0	200.0	154000	25450.887	405623.53	103.4715	64.92254	25450.934	405624.22	104.287476	69.79418	137.96259	2198.823	10.347914	-10.445781	-99.34049	1.5200188	1.826396	1905.6987	355.22178864479065
200.0	0.0	200.0	200.0	200.0	0.0	200.0	200.0	200.0	200.0	156000	25218.332	401917.16	103.45365	75.418106	25218.45	401919.03	103.78181	93.49803	162.3908	2588.1348	8.408382	-10.72031	-98.41508	1.0490329	1.3517288	1909.3058	359.84743094444275
200.0	0.0	200.0	200.0	200.0	0.0	200.0	200.0	200.0	200.0	158000	24999.32	398426.72	100.439865	75.55963	24999.348	398427.1	101.08341	94.10054	73.13607	1165.6666	9.45154	-9.139052	-97.55422	0.33682653	0.47772005	1914.994	364.4940574169159
200.0	0.0	200.0	200.0	200.0	0.0	200.0	200.0	200.0	200.0	160000	24896.598	396789.56	99.89026	66.01304	24896.605	396789.62	99.805084	91.76913	48.611202	774.8322	9.251447	-9.752087	-97.18026	0.30402026	0.4636995	1902.4327	369.2490267753601
200.0	0.0	200.0	200.0	200.0	0.0	200.0	200.0	200.0	200.0	162000	24881.748	396552.84	100.57616	69.50991	24881.787	396553.47	100.16277	92.26515	3.1977558	52.354088	9.16507	-8.983104	-97.1688	0.146859	0.23396553	1914.1233	373.8860206604004
186.54546	33.032665	200.0	87.0	200.0	0.0	200.0	200.0	186.54546	200.0	164000	24964.275	397868.1	99.32286	-4.667485	24964.33	397869.06	98.84097	-11.4384775	-44.122166	703.29407	7.1044292	-10.643578	-97.50732	0.13806301	0.06930025	1929.6345	378.55029249191284
200.0	0.0	200.0	200.0	200.0	0.0	200.0	200.0	200.0	200.0	166000	25001.746	398465.4	99.73491	-14.319423	25001.857	398467.1	99.51825	-18.116585	-57.40208	914.9149	7.6761866	-9.221585	-97.65792	0.3128702	0.14811182	1927.8595	383.1813507080078
200.0	0.0	200.0	200.0	200.0	0.0	200.0	200.0	200.0	200.0	168000	25069.49	399545.0	100.20688	-18.04014	25069.643	399547.44	100.026535	-19.224455	-54.156696	863.19885	7.4310904	-9.9802685	-97.92777	0.28885248	0.14698859	1929.8092	387.82350301742554
200.0	0.0	200.0	200.0	200.0	0.0	200.0	200.0	200.0	200.0	170000	25105.926	400125.66	100.40988	-22.909187	25106.084	400128.2	100.2224	-23.086082	-54.838062	874.0549	7.7786574	-9.1233425	-98.06273	0.28941903	0.15421118	1923.7297	392.46813344955444
200.0	0.0	200.0	200.0	200.0	0.0	200.0	200.0	200.0	200.0	172000	25149.83	400825.4	100.60662	-24.215618	25150.002	400828.2	100.294586	-23.875774	-46.655334	743.66205	8.007784	-10.112637	-98.242485	0.2599421	0.13468397	1931.7347	397.16424083709717
200.0	0.0	200.0	200.0	200.0	0.0	200.0	200.0	200.0	200.0	174000	25289.691	403054.4	100.24865	-25.244194	25289.768	403055.66	100.07582	-24.745152	-34.334846	547.3447	9.026718	-10.224342	-98.79641	0.09575895	0.0497733	1909.8119	401.8239619731903
186.2	41.399998	200.0	62.0	200.0	0.0	200.0	200.0	186.2	200.0	176000	25404.84	404889.56	102.34964	83.66846	25404.838	404889.6	101.80164	85.71764	6.280111	100.9149	6.951997	-10.150181	-99.220894	0.21252182	0.2493495	1917.502	406.48966789245605
200.0	0.0	200.0	200.0	200.0	0.0	200.0	200.0	200.0	200.0	178000	25475.043	406008.5	102.801506	81.0184	25475.049	406008.56	102.05646	80.62929	25.339102	404.05548	7.801353	-9.834757	-99.46956	0.4228843	0.44803545	1911.0087	411.1317617893219
200.0	0.0	200.0	200.0	200.0	0.0	200.0	200.0	200.0	200.0	180000	25470.457	405935.44	102.23748	80.35238	25470.562	405937.1	101.67894	77.74835	3.7799716	61.557755	8.37161	-11.947773	-99.436966	0.450505	0.43590945	1909.7087	415.795138835907
200.0	0.0	200.0	200.0	200.0	0.0	200.0	200.0	200.0	200.0	182000	25422.828	405176.28	102.00663	80.2366	25422.91	405177.56	101.64534	75.9654	-20.0433	319.6642	9.875373	-8.735727	-99.240326	0.45191252	0.4228453	1921.5428	420.51642513275146
200.0	0.0	200.0	200.0	200.0	0.0	200.0	200.0	200.0	200.0	184000	25399.41	404803.12	101.57556	73.83968	25399.451	404803.75	101.01653	62.01479	-26.508347	422.6429	10.789159	-9.441909	-99.156456	0.39055586	0.33664465	1920.8794	425.12146401405334
200.0	0.0	200.0	200.0	200.0	0.0	200.0	200.0	200.0	200.0	186000	25402.88	404858.4	101.184135	72.4982	25403.02	404860.66	101.26514	58.1449	-22.232517	354.53442	11.482397	-11.68404	-99.204185	0.1606482	0.118709944	1910.28	429.81626081466675
196.72728	10.349272	200.0	164.0	200.0	0.0	200.0	200.0	196.72728	200.0	188000	25465.99	405864.22	101.17164	-25.229635	25466.027	405864.8	101.27977	-30.174885	-42.52672	677.87286	8.926911	-10.937658	-99.47836	0.024298742	0.024275016	1920.2423	434.4130756855011
200.0	0.0	200.0	200.0	200.0	0.0	200.0	200.0	200.0	200.0	190000	25508.28	406538.2	101.36629	-41.097256	25508.385	406539.9	100.70399	-37.35318	-53.75061	856.72614	9.352989	-9.45216	-99.62272	0.13401195	0.09696509	1916.1775	439.0547890663147
200.0	0.0	200.0	200.0	200.0	0.0	200.0	200.0	200.0	200.0	192000	25508.6	406543.28	102.42884	-40.33201	25508.764	406545.9	100.8687	-34.361897	-55.27306	880.98706	7.8301773	-9.384032	-99.624016	0.18729083	0.08821707	1933.702	443.7487597465515
200.0	0.0	200.0	200.0	200.0	0.0	200.0	200.0	200.0	200.0	194000	25508.574	406542.94	102.69929	-36.080822	25508.658	406544.25	101.06559	-31.268173	-74.19319	1182.5005	6.677829	-9.456012	-99.63711	0.08143864	0.06270076	1926.005	448.39085054397583
200.0	0.0	200.0	200.0	200.0	0.0	200.0	200.0	200.0	200.0	196000	25550.023	407203.5	101.42167	-38.43931	25549.951	407202.3	101.225845	-34.100906	-54.49013	868.5113	7.459447	-9.320105	-99.81884	0.087964706	0.06291979	1911.7085	453.02574372291565
194.4	16.800001	200.0	144.0	200.0	0.0	200.0	200.0	194.4	200.0	198000	25621.809	408347.6	103.59548	-33.70001	25621.799	408347.4	102.753624	-29.374212	-25.6571	409.0936	10.775988	-9.40931	-100.05149	0.49395967	0.19212724	1926.896	457.68061113357544
200.0	0.0	200.0	200.0	200.0	0.0	200.0	200.0	200.0	200.0	200000	25667.99	409083.6	102.32096	70.55076	25668.062	409084.75	101.27928	12.015733	-42.22723	673.1022	10.534336	-10.614855	-100.23292	0.48068687	0.10381671	1889.8647	462.31873655319214
